phase,f1,f2,f3,f4,f5,f6,c1,c2,c3
instructional_video_0,0.9999992393200535,0.9999999239320053,1.0,0.6335983964866729,0.9826576635969004,0.9788486348330561,0.9881577853056919,0.27930755304474825,0.9960311270234087
discussion_phase_0,0.9998689126229806,0.9999997776295555,0.9999865465881091,0.3795276429255456,0.9256157520996495,0.9378653615893527,0.9328453488052759,0.5715508592894308,0.961231714339369
discussion_phase_1,0.999981642197756,1.0,0.9998576992177574,0.4353480483542286,0.9868145363531213,0.9102341298468491,0.9312486954834466,0.6034973949722319,0.9573015321310493
reschu_run_0,0.9999997776295555,1.0,0.999997665110333,0.40809190481522073,0.9929578615790681,0.7858071174330534,0.8979695465899993,0.25674813689702725,0.9861643333150619
reschu_run_1,0.9999997776295555,0.9999585279121049,1.0,0.37113482642485807,0.9342001407382543,0.700638792457328,0.832066507442016,0.20543226535109346,0.9893840349806499
reschu_run_2,0.9999985545921108,0.9999965532581107,0.9999878808107759,0.34995204025438736,0.9374635381961821,0.8164592154259267,0.8835264750359711,0.23946695136013438,0.9702011374025865
reschu_run_3,0.9999997776295555,1.0,1.0,0.3364619372401671,0.9933713594205738,0.8229503198854436,0.892899500455915,0.18738012148319752,0.9913087623628238
reschu_run_4,0.9999587502825494,0.9986122972412389,0.9999993328886666,0.6808327017086166,0.9729898851467773,0.8414766687261876,0.8432485164277833,0.20410571446456366,0.9896077396477941
reschu_run_5,1.0,1.0,1.0,0.2031975244971635,1.0,0.6202909737185286,0.7381412078183461,0.005262092586125406,0.9585913422831109
reschu_run_6,0.9996666666666667,0.9993333333333333,1.0,0.342,0.9893337777777778,0.6164731111111111,0.7500587777777777,0.022176,0.920076
