phase,f1,f2,f3,f4,f5,f6,c1,c2,c3
instructional_video_0,0.9983879477691728,0.9999882775061776,0.9996833880016717,0.9966925821001078,0.9920484859090914,0.9696527661265144,0.9076712313569174,0.984274588532617,0.9126461740030464
discussion_phase_0,0.995594674556213,1.0,0.9994213017751479,0.7113408284023669,0.9956331360946745,0.8427804733727811,0.6467159763313609,0.9358573964497041,0.9198047337278107
discussion_phase_1,0.9223752815494388,0.9994126770217018,0.9971894098771318,0.8511724761905328,0.9662657850481123,0.8970240915367829,0.5691724393342326,0.9840061490575784,0.8781530713484472
reschu_run_0,1.0,1.0,1.0,1.0,0.998263243764566,0.9784298351890208,0.867886733615793,0.9380912405381548,0.9625566254408247
reschu_run_1,1.0,1.0,1.0,1.0,0.9993742603988104,0.9159296296626879,0.8554926736321694,0.9468149525457313,0.9150802774112232
reschu_run_2,0.9999355819343324,1.0,1.0,0.9920249487379033,0.9967023634325166,0.9630249776313003,0.852893768452105,0.9531117004522054,0.9364823662650169
reschu_run_3,1.0,1.0,1.0,0.9969397202680448,0.9996959641493827,0.8842244761666249,0.8714473814023025,0.9721738421024672,0.9428113782452625
reschu_run_4,1.0,0.9993838468963172,1.0,0.9993268480235759,0.998794544501281,0.9674263218910059,0.8358799895800408,0.9489040435754027,0.9323946262781762
reschu_run_5,1.0,1.0,0.9999995555555555,0.9747062222222223,0.9995093333333334,0.8807768888888889,0.8956617777777778,0.979204,0.969768
reschu_run_6,1.0,1.0,1.0,1.0,0.9993346666666667,0.9090395555555556,0.8623791111111111,0.969408,0.9366933333333334
reschu_run_7,1.0,1.0,1.0,0.9993333333333333,0.9993342222222222,0.9004946666666667,0.8653875555555556,0.9720111111111112,0.9492608888888889
