phase,f1,f2,f3,f4,f5,f6,c1,c2,c3
instructional_video_0,0.9864994491686531,0.9994428455984699,0.9988421554111457,0.6450734697482263,0.9969667996097535,0.7887797085092559,0.9494898849784539,0.8262193440691199,0.8800793304942472
discussion_phase_0,0.9979497846899797,0.9970443976370146,0.8297891046769601,0.5937084952990958,0.8959712146777458,0.6850543793422101,0.7282071091590002,0.2721941419212912,0.9152499728758011
discussion_phase_1,0.9807960149005099,0.9992803838711176,0.9837967857146244,0.6728230663990465,0.9501397989436149,0.734837100335726,0.8676200237217333,0.6002328560227319,0.8312372182807147
reschu_run_0,1.0,1.0,1.0,0.5240164444444444,0.9968755555555555,0.9913435555555555,0.9821435555555555,0.045573777777777776,0.9993226666666667
reschu_run_1,1.0,1.0,0.9999968888888889,0.735728,0.9927928888888888,0.9626644444444444,0.9823146666666667,0.1702031111111111,0.9967315555555556
reschu_run_2,1.0,1.0,1.0,0.31161377777777777,1.0,0.9581853333333333,0.9936462222222222,0.006525777777777778,0.996288
reschu_run_3,1.0,1.0,1.0,0.8212702222222222,0.9909497777777778,0.9504524444444444,0.9887124444444444,0.28126266666666666,0.9702724444444445
reschu_run_4,0.9999986666666667,1.0,0.9998644444444444,0.7611324444444444,0.9889404444444444,0.9294066666666667,0.987372,0.332924,0.9967928888888888
reschu_run_5,0.9992897777777778,1.0,0.9999773333333334,0.8417675555555556,0.9907373333333334,0.9407235555555555,0.9642244444444444,0.45022666666666666,0.9448497777777778
reschu_run_6,0.997992,0.9999986666666667,0.9687448888888889,0.8056751111111111,0.9755368888888889,0.913936,0.9583582222222222,0.587648,0.9650408888888888
reschu_run_7,0.9999991111111111,1.0,0.9916328888888889,0.8759586666666667,0.9808208888888889,0.9294222222222223,0.9886248888888889,0.8229635555555556,0.9841022222222222
